0	0.04
1	0.42
10	0.82
100	0.61
1000	0.62
1001	0.49
1002	0.58
1003	0.67
1004	0.36
1005	0.41
1006	0.54
1007	1.00
1008	0.49
1009	0.44
101	0.83
1010	0.69
1011	0.41
1012	0.49
1013	0.38
1014	0.52
1015	0.28
1016	0.66
1017	0.23
1018	0.73
1019	0.75
102	1.00
1020	0.23
1021	0.60
1022	0.26
1023	0.27
1024	0.56
1025	0.63
1026	0.33
1027	0.58
1028	0.72
1029	0.52
103	0.55
1030	0.58
1031	0.29
1032	1.00
1033	0.62
1034	0.70
1035	0.30
1036	0.78
1037	0.49
1038	0.43
1039	0.34
104	0.61
1040	0.51
1041	0.45
1042	0.79
1043	0.50
1044	1.00
1045	0.48
1046	0.00
1047	0.31
1048	0.51
1049	0.56
105	0.67
1050	0.62
1051	0.53
1052	0.47
1053	0.54
1054	0.92
1055	0.32
1056	0.50
1057	0.51
1058	0.74
1059	0.49
106	0.43
1060	0.38
1061	0.44
1062	0.66
1063	0.49
1064	0.68
1065	0.90
1066	0.60
1067	0.00
1068	0.80
1069	0.49
107	0.05
1070	0.42
1071	0.45
1072	1.00
1073	0.69
1074	0.64
1075	0.48
1076	0.48
1077	0.38
1078	0.80
1079	0.40
108	0.79
1080	0.35
1081	0.66
1082	0.61
1083	0.60
1084	0.52
1085	0.51
1086	0.53
1087	0.85
1088	0.53
1089	0.59
109	0.53
1090	0.47
1091	0.61
1092	0.69
1093	0.60
1094	0.57
1095	0.55
1096	0.48
1097	0.59
1098	0.48
1099	0.48
11	0.00
110	1.00
1100	0.54
1101	0.63
1102	0.53
1103	0.54
1104	0.47
1105	0.59
1106	0.38
1107	0.48
1108	0.46
1109	0.64
111	0.56
1110	0.54
1111	0.75
1112	0.36
1113	1.00
1114	0.55
1115	0.79
1116	0.34
1117	0.97
1118	0.61
1119	0.60
112	1.00
1120	0.51
1121	0.72
1122	0.59
1123	0.50
1124	0.70
1125	0.51
1126	0.86
1127	0.35
1128	0.21
1129	0.64
113	0.54
1130	0.57
1131	0.51
1132	0.50
1133	0.67
1134	0.91
1135	0.59
1136	0.35
1137	1.00
1138	0.58
1139	0.69
114	0.00
1140	0.81
1141	0.63
1142	0.23
1143	1.00
1144	0.49
1145	0.64
1146	0.53
1147	0.47
1148	0.53
1149	0.42
115	0.53
1150	0.60
1151	0.57
1152	0.20
1153	0.42
1154	0.62
1155	0.55
1156	0.29
1157	0.39
1158	0.52
1159	0.55
116	0.66
1160	0.20
1161	0.53
1162	0.72
1163	0.60
1164	0.27
1165	0.56
1166	0.56
1167	0.62
1168	0.73
1169	0.53
117	0.47
1170	0.55
1171	0.50
1172	0.40
1173	0.42
1174	0.56
1175	1.00
1176	0.67
1177	0.43
1178	0.67
1179	0.42
118	0.54
1180	0.69
1181	0.44
1182	0.57
1183	0.67
1184	0.41
1185	0.63
1186	0.71
1187	0.31
1188	0.34
1189	0.62
119	0.29
1190	0.66
1191	0.60
1192	0.49
1193	0.73
1194	0.37
1195	0.70
1196	0.70
1197	0.62
1198	0.50
1199	0.50
12	0.00
120	0.50
1200	0.62
1201	0.62
1202	0.51
1203	0.36
1204	0.64
1205	0.54
1206	0.62
1207	0.52
1208	0.65
1209	0.63
121	0.47
1210	0.29
1211	0.29
1212	0.31
1213	0.69
1214	0.47
1215	0.40
1216	0.86
1217	0.66
1218	0.74
1219	0.65
122	0.39
1220	0.62
1221	0.53
1222	0.69
1223	0.58
1224	0.57
1225	0.59
1226	0.54
1227	0.52
1228	0.44
1229	0.59
123	0.69
1230	0.47
1231	0.47
1232	0.81
1233	0.82
1234	0.44
1235	0.60
1236	0.73
1237	0.60
1238	0.64
1239	0.48
124	0.50
1240	1.00
1241	0.76
1242	0.56
1243	0.18
1244	0.80
1245	0.67
1246	0.51
1247	1.00
1248	0.65
1249	0.74
125	0.67
1250	0.54
1251	0.61
1252	0.53
1253	0.41
1254	0.56
1255	0.43
1256	0.79
1257	0.65
1258	0.75
1259	0.45
126	0.76
1260	0.96
1261	1.00
1262	0.90
1263	0.43
1264	0.43
1265	0.41
1266	0.38
1267	0.54
1268	0.27
1269	0.80
127	0.73
1270	0.34
1271	0.44
1272	0.64
1273	0.87
1274	0.59
1275	0.39
1276	0.51
1277	0.60
1278	0.53
1279	0.24
128	0.60
1280	0.59
1281	0.63
1282	0.60
1283	0.80
1284	0.55
1285	0.40
1286	0.66
1287	0.89
1288	0.54
1289	0.47
129	0.90
1290	0.42
1291	0.45
1292	0.37
1293	0.27
1294	0.59
1295	0.60
1296	0.65
1297	0.73
1298	0.43
1299	0.60
13	0.65
130	0.36
1300	0.65
1301	0.57
1302	0.60
1303	0.43
1304	0.60
1305	0.58
1306	0.78
1307	0.89
1308	0.60
1309	0.63
131	1.00
1310	0.54
1311	0.60
1312	0.44
1313	0.50
1314	0.61
1315	0.41
1316	0.26
1317	0.72
1318	0.50
1319	0.00
132	0.40
1320	0.46
1321	0.63
1322	0.73
1323	0.60
1324	0.51
1325	0.58
1326	0.70
1327	0.55
1328	0.52
1329	0.34
133	0.59
1330	0.42
1331	0.43
1332	0.40
1333	0.84
1334	0.61
1335	0.52
1336	0.47
1337	0.33
1338	0.85
1339	1.00
134	0.71
1340	0.53
1341	1.00
1342	0.59
1343	0.37
1344	0.73
1345	0.22
1346	0.48
1347	0.66
1348	0.38
1349	0.49
135	1.00
1350	0.89
1351	0.48
1352	0.54
1353	0.56
1354	0.71
1355	0.65
1356	0.50
1357	0.59
1358	0.81
1359	0.68
136	0.32
1360	0.51
1361	0.40
1362	0.67
1363	0.57
1364	0.57
1365	0.83
1366	0.29
1367	0.53
1368	0.37
1369	0.83
137	0.53
1370	0.52
1371	0.58
1372	0.82
1373	0.40
1374	0.47
1375	0.47
1376	0.65
1377	0.97
1378	0.46
1379	0.54
138	1.00
1380	0.74
1381	0.39
1382	0.35
1383	0.60
1384	0.54
1385	0.63
1386	0.35
1387	0.53
1388	0.72
1389	0.56
139	0.97
1390	0.95
1391	0.63
1392	0.72
1393	0.38
1394	0.28
1395	0.37
1396	0.31
1397	0.49
1398	0.76
1399	0.64
14	0.74
140	0.89
1400	0.60
1401	0.63
1402	0.69
1403	0.52
1404	0.54
1405	0.57
1406	0.69
1407	0.59
1408	0.62
1409	0.63
141	0.56
1410	0.63
1411	0.42
1412	0.58
1413	0.59
1414	0.66
1415	0.70
1416	0.58
1417	0.48
1418	0.69
1419	0.69
142	0.53
1420	0.53
1421	0.57
1422	0.65
1423	0.57
1424	0.49
1425	0.58
1426	0.48
1427	0.42
1428	0.43
1429	0.63
143	0.61
1430	0.49
1431	0.42
1432	0.72
1433	0.61
1434	0.52
1435	0.63
1436	0.69
1437	0.61
1438	0.59
1439	0.65
144	0.70
1440	0.61
1441	0.61
1442	0.47
1443	0.48
1444	0.61
1445	0.60
1446	0.63
1447	0.69
1448	0.57
1449	0.61
145	1.00
1450	0.64
1451	0.54
1452	0.60
1453	0.43
1454	0.62
1455	0.51
1456	0.66
1457	0.44
1458	0.55
1459	0.58
146	0.47
1460	0.62
1461	0.53
1462	0.54
1463	0.75
1464	0.62
1465	0.66
1466	0.45
1467	0.61
1468	0.53
1469	0.70
147	0.93
1470	0.74
1471	0.65
1472	0.62
1473	0.64
1474	0.52
1475	0.64
1476	0.66
1477	0.64
1478	0.57
1479	0.68
148	0.42
1480	0.61
1481	0.67
1482	0.62
1483	0.55
1484	0.71
1485	0.60
1486	0.57
1487	0.54
1488	0.70
1489	0.63
149	0.78
1490	0.36
1491	0.67
1492	0.51
1493	0.69
1494	0.73
1495	0.56
1496	0.61
1497	0.63
1498	0.66
1499	0.76
15	0.00
150	0.56
1500	0.63
1501	0.73
1502	0.70
1503	0.64
1504	0.77
1505	0.77
1506	1.00
1507	1.00
1508	0.53
1509	0.60
151	0.90
1510	0.52
1511	0.80
1512	0.81
1513	1.00
1514	0.93
1515	0.93
1516	1.00
1517	0.93
1518	0.72
1519	0.90
152	0.70
1520	0.40
1521	0.77
1522	0.64
1523	0.48
1524	0.67
1525	0.77
1526	0.00
1527	0.54
1528	0.53
1529	0.63
153	1.00
1530	0.55
1531	0.73
1532	0.47
1533	0.59
1534	0.46
1535	0.47
1536	0.70
1537	0.43
1538	0.38
1539	0.50
154	1.00
1540	0.93
1541	1.00
1542	0.53
1543	1.00
1544	0.95
1545	0.94
1546	0.82
1547	0.67
1548	0.83
1549	0.89
155	0.67
1550	0.67
1551	0.68
1552	0.56
1553	0.80
1554	0.53
1555	0.65
1556	0.53
1557	0.42
1558	0.61
1559	0.32
156	0.53
1560	0.66
1561	0.49
1562	1.00
1563	0.52
1564	0.67
1565	0.49
1566	0.47
1567	0.67
1568	0.53
1569	0.52
157	0.67
1570	0.63
1571	0.68
1572	0.67
1573	0.33
1574	0.68
1575	0.53
1576	0.58
1577	0.59
1578	0.50
1579	0.36
158	0.36
1580	0.47
1581	0.23
1582	0.50
1583	0.81
1584	0.56
1585	0.56
1586	0.84
1587	0.57
1588	0.50
1589	0.48
159	0.63
1590	0.78
1591	0.56
1592	0.60
1593	0.51
1594	0.38
1595	0.49
1596	0.52
1597	0.66
1598	0.67
1599	1.00
16	0.67
160	1.00
1600	0.47
1601	0.52
1602	0.68
1603	0.00
1604	1.00
1605	0.58
1606	0.64
1607	0.70
1608	0.49
1609	0.50
161	0.55
1610	1.00
1611	0.32
1612	0.52
1613	0.68
1614	0.45
1615	0.82
1616	0.41
1617	0.59
1618	0.68
1619	0.40
162	0.86
1620	0.43
1621	0.94
1622	1.00
1623	1.00
1624	0.53
1625	0.67
1626	0.67
1627	0.40
1628	0.52
1629	0.71
163	0.53
1630	0.70
1631	0.57
1632	0.61
1633	0.48
1634	0.52
1635	0.61
1636	1.00
1637	0.83
1638	0.62
1639	0.67
164	0.67
1640	0.70
1641	0.62
1642	0.85
1643	0.53
1644	0.49
1645	0.75
1646	0.61
1647	0.51
1648	0.39
1649	0.47
165	0.60
1650	1.00
1651	0.37
1652	0.78
1653	0.52
1654	0.31
1655	0.90
1656	0.50
1657	0.50
1658	0.46
1659	0.86
166	0.67
1660	0.43
1661	0.75
1662	0.67
1663	0.42
1664	0.49
1665	0.46
1666	0.73
1667	0.67
1668	0.66
1669	0.57
167	0.90
1670	0.63
1671	0.76
1672	0.59
1673	0.58
1674	0.51
1675	0.65
1676	0.65
1677	0.86
1678	0.67
1679	0.39
168	0.69
1680	0.36
1681	0.53
1682	0.68
1683	0.68
1684	0.81
1685	0.66
1686	0.32
1687	0.57
1688	0.58
1689	0.50
169	0.44
1690	0.46
1691	0.49
1692	0.53
1693	0.52
1694	0.58
1695	0.45
1696	0.00
1697	0.79
1698	0.83
1699	0.36
17	0.73
170	0.47
1700	0.78
1701	0.48
1702	0.45
1703	0.49
1704	0.56
1705	0.51
1706	0.54
1707	0.48
1708	0.70
1709	0.66
171	0.22
1710	0.43
1711	0.44
1712	0.68
1713	0.50
1714	1.00
1715	1.00
1716	0.63
1717	1.00
1718	0.74
1719	0.62
172	0.46
1720	0.60
1721	0.79
1722	0.67
1723	0.70
1724	0.91
1725	0.47
1726	0.71
1727	0.68
1728	0.56
1729	1.00
173	0.24
1730	0.90
1731	1.00
1732	1.00
1733	0.82
1734	0.54
1735	0.64
1736	0.35
1737	0.42
1738	0.60
1739	0.50
174	0.83
1740	0.57
1741	0.86
1742	0.98
1743	0.95
1744	0.90
1745	0.45
1746	1.00
1747	0.98
1748	0.87
1749	0.59
175	0.43
1750	0.00
1751	0.74
1752	0.63
1753	0.45
1754	0.36
1755	0.99
1756	0.75
1757	0.83
1758	0.91
1759	0.88
176	0.73
1760	0.00
1761	0.80
1762	0.76
1763	0.00
1764	0.00
1765	0.82
1766	0.70
1767	0.00
1768	0.87
1769	0.47
177	0.76
1770	0.58
1771	0.53
1772	0.65
1773	0.86
1774	0.63
1775	0.74
1776	0.00
1777	0.68
1778	0.79
1779	0.90
178	0.46
1780	0.92
1781	0.75
1782	0.90
1783	0.76
1784	0.89
1785	0.63
1786	0.00
1787	0.55
1788	0.92
1789	1.00
179	0.67
1790	0.88
1791	0.58
1792	0.81
1793	1.00
1794	0.89
1795	0.56
1796	0.49
1797	0.80
1798	0.62
1799	0.90
18	0.00
180	0.76
1800	0.90
1801	1.00
1802	0.88
1803	0.89
1804	0.72
1805	0.74
1806	0.92
1807	1.00
1808	0.00
1809	0.93
181	0.87
1810	0.90
1811	0.89
1812	0.00
1813	0.90
1814	0.65
1815	0.86
1816	0.88
1817	0.58
1818	0.73
1819	0.76
182	0.67
1820	1.00
1821	0.03
1822	0.26
1823	0.56
1824	0.68
1825	0.20
1826	0.71
1827	0.09
1828	0.47
1829	0.83
183	1.00
1830	0.44
1831	0.12
1832	0.54
1833	0.45
1834	0.86
1835	0.86
1836	0.53
1837	0.00
1838	0.73
1839	0.46
184	0.63
1840	0.51
1841	0.64
1842	0.42
1843	0.13
1844	1.00
1845	0.81
1846	0.59
1847	0.82
1848	0.41
1849	0.60
185	0.54
1850	0.33
1851	0.94
1852	0.62
1853	0.51
1854	0.72
1855	0.75
1856	0.71
1857	0.50
1858	0.32
1859	0.62
186	0.50
1860	0.93
1861	0.59
1862	1.00
1863	0.50
1864	0.40
1865	0.50
1866	0.80
1867	0.71
1868	0.73
1869	0.48
187	0.86
1870	0.89
1871	0.62
1872	0.54
1873	0.45
1874	0.73
1875	0.62
1876	0.80
1877	0.60
1878	0.54
1879	0.43
188	0.46
1880	0.80
1881	0.42
1882	0.71
1883	0.61
1884	0.49
1885	0.43
1886	0.60
1887	0.44
1888	1.00
1889	1.00
189	0.95
1890	0.41
1891	0.69
1892	0.35
1893	0.53
1894	1.00
1895	1.00
1896	0.74
1897	0.66
1898	0.62
1899	0.60
19	0.28
190	0.50
1900	0.60
1901	0.69
1902	0.50
1903	0.62
1904	0.62
1905	0.71
1906	0.75
1907	0.87
1908	0.60
1909	0.58
191	1.00
1910	0.74
1911	0.59
1912	0.71
1913	0.41
1914	0.60
1915	0.35
1916	0.44
1917	0.68
1918	0.58
1919	0.48
192	0.40
1920	1.00
1921	0.67
1922	0.55
1923	0.66
1924	0.67
1925	0.58
1926	0.44
1927	0.38
1928	0.64
1929	0.51
193	0.70
1930	1.00
1931	0.56
1932	0.52
1933	0.67
1934	0.56
1935	0.83
1936	0.86
1937	0.64
1938	0.59
1939	0.79
194	0.82
1940	0.54
1941	0.67
1942	0.50
1943	0.48
1944	0.45
1945	0.53
1946	0.00
1947	1.00
1948	0.34
1949	0.51
195	1.00
1950	0.37
1951	0.50
1952	0.72
1953	0.86
1954	0.73
1955	0.65
1956	0.83
1957	0.79
1958	0.53
1959	0.63
196	0.72
1960	0.54
1961	0.67
1962	0.56
1963	0.44
1964	0.52
1965	0.44
1966	0.75
1967	0.42
1968	0.45
1969	0.43
197	0.74
1970	0.60
1971	0.64
1972	0.48
1973	0.33
1974	0.51
1975	0.44
1976	0.61
1977	0.83
1978	0.36
1979	0.61
198	0.47
1980	0.64
1981	0.55
1982	0.59
1983	0.75
1984	0.57
1985	0.62
1986	1.00
1987	0.57
1988	0.72
1989	0.84
199	0.47
1990	0.56
1991	0.60
1992	0.70
1993	0.49
1994	0.45
1995	0.36
1996	1.00
1997	1.00
1998	0.56
1999	1.00
2	0.89
20	0.69
200	0.43
2000	1.00
2001	0.32
2002	0.81
2003	0.42
2004	1.00
2005	1.00
2006	0.00
2007	0.89
2008	0.45
2009	0.89
201	1.00
2010	0.80
2011	1.00
2012	0.70
2013	0.82
2014	1.00
2015	0.90
2016	0.71
2017	0.67
2018	0.95
2019	1.00
202	0.67
2020	0.95
2021	0.00
2022	0.89
2023	1.00
2024	0.93
2025	0.73
2026	0.82
2027	0.76
2028	0.96
2029	0.00
203	0.43
2030	0.83
2031	0.67
2032	0.96
2033	1.00
2034	1.00
2035	0.71
2036	0.00
2037	0.00
2038	0.83
2039	0.83
204	0.59
2040	0.80
2041	0.47
2042	0.39
2043	0.48
2044	0.47
2045	0.46
2046	0.50
2047	0.53
2048	0.71
2049	0.45
205	1.00
2050	0.50
2051	0.33
2052	0.71
2053	0.40
2054	0.40
2055	0.35
2056	0.57
2057	0.30
2058	0.44
2059	0.41
206	0.50
2060	0.81
2061	0.49
2062	0.59
2063	0.35
2064	0.55
2065	0.33
2066	0.27
2067	0.35
2068	0.23
2069	0.62
207	1.00
2070	0.53
2071	0.49
2072	0.24
2073	0.18
2074	0.46
2075	0.18
2076	0.43
2077	0.52
2078	0.43
2079	0.48
208	0.86
2080	0.47
2081	0.32
2082	0.58
2083	0.51
2084	0.65
2085	0.69
2086	0.51
2087	0.37
2088	0.18
2089	0.45
209	0.00
2090	0.38
2091	0.55
2092	0.75
2093	0.55
2094	0.26
2095	0.31
2096	0.28
2097	0.43
2098	0.53
2099	0.48
21	0.35
210	0.00
2100	0.45
2101	0.37
2102	0.36
2103	0.28
2104	0.36
2105	0.35
2106	0.42
2107	0.31
2108	0.42
2109	0.45
211	0.60
2110	0.20
2111	0.32
2112	0.42
2113	0.38
2114	0.46
2115	0.20
2116	0.67
2117	0.24
2118	0.28
2119	0.74
212	0.70
2120	0.54
2121	0.41
2122	0.33
2123	0.44
2124	0.31
2125	0.64
2126	0.37
2127	0.71
2128	0.54
2129	0.70
213	0.30
2130	0.31
2131	0.60
2132	0.61
2133	0.56
2134	0.63
2135	0.56
2136	0.70
2137	0.72
2138	0.61
2139	0.66
214	0.57
2140	0.76
2141	0.66
2142	0.71
2143	0.72
2144	0.60
2145	0.59
2146	0.53
2147	0.68
2148	0.82
2149	0.79
215	0.00
2150	0.48
2151	0.66
2152	0.49
2153	0.68
2154	0.40
2155	0.68
2156	0.61
2157	0.66
2158	0.62
2159	0.61
216	1.00
2160	0.78
2161	0.91
2162	0.48
2163	0.55
2164	0.51
2165	0.64
2166	0.57
2167	0.70
2168	0.61
2169	0.64
217	0.82
2170	0.58
2171	0.64
2172	0.57
2173	0.44
2174	0.36
2175	0.16
2176	0.31
2177	0.22
2178	0.18
2179	0.37
218	1.00
2180	0.54
2181	0.67
2182	0.22
2183	0.45
2184	0.43
2185	0.30
2186	0.32
2187	0.24
2188	0.38
2189	0.74
219	0.73
2190	0.27
2191	0.72
2192	0.68
2193	0.70
2194	0.57
2195	0.50
2196	0.81
2197	0.61
2198	0.80
2199	0.51
22	0.47
220	1.00
2200	0.73
2201	0.55
2202	0.64
2203	0.66
2204	0.77
2205	0.75
2206	0.61
2207	0.48
2208	0.64
2209	0.66
221	0.86
2210	0.68
2211	0.70
2212	0.58
2213	0.76
2214	0.50
2215	0.74
2216	0.54
2217	0.55
2218	0.63
2219	0.43
222	0.75
2220	0.60
2221	0.79
2222	0.53
2223	0.86
2224	0.55
2225	0.76
2226	0.63
2227	0.71
2228	0.70
2229	0.51
223	0.72
2230	0.56
2231	0.94
2232	0.62
2233	0.61
2234	0.32
2235	0.28
2236	0.52
2237	0.33
2238	0.60
2239	0.22
224	0.52
2240	0.36
2241	0.36
2242	0.36
2243	0.47
2244	0.41
2245	0.51
2246	0.55
2247	0.27
2248	0.63
2249	0.32
225	0.84
2250	0.24
2251	0.54
2252	0.80
2253	1.00
2254	0.59
2255	0.65
2256	0.63
2257	0.42
2258	0.56
2259	0.47
226	0.81
2260	0.61
2261	0.56
2262	0.59
2263	0.43
2264	0.71
2265	0.55
2266	0.46
2267	0.76
2268	0.36
2269	0.57
227	0.54
2270	0.23
2271	1.00
2272	0.80
2273	0.51
2274	0.82
2275	0.40
2276	0.52
2277	0.62
2278	0.94
2279	0.21
228	1.00
2280	0.82
2281	0.33
2282	0.86
2283	0.68
2284	0.48
2285	0.65
2286	0.41
2287	0.53
2288	0.35
2289	0.51
229	0.53
2290	0.49
2291	0.67
2292	0.30
2293	0.30
2294	0.76
2295	0.33
2296	0.42
2297	0.46
2298	1.00
2299	1.00
23	0.17
230	0.28
2300	0.45
2301	0.60
2302	0.42
2303	0.51
2304	0.47
2305	0.20
2306	0.65
2307	0.96
2308	0.67
2309	0.23
231	0.45
2310	1.00
2311	0.41
2312	0.40
2313	0.37
2314	0.47
2315	0.41
2316	0.49
2317	0.59
2318	0.44
2319	0.79
232	0.62
2320	0.58
2321	0.35
2322	0.56
2323	0.58
2324	0.32
2325	0.56
2326	0.41
2327	0.56
2328	0.64
2329	0.55
233	1.00
2330	0.35
2331	0.26
2332	0.58
2333	0.32
2334	0.46
2335	0.80
2336	0.55
2337	1.00
2338	0.31
2339	0.53
234	1.00
2340	0.84
2341	0.65
2342	0.18
2343	0.53
2344	0.93
2345	0.73
2346	0.56
2347	0.43
2348	0.78
2349	0.29
235	0.80
2350	0.40
2351	0.50
2352	0.37
2353	0.27
2354	0.35
2355	0.45
2356	0.28
2357	1.00
2358	0.44
2359	0.47
236	0.41
2360	0.29
2361	1.00
2362	0.44
2363	0.77
2364	0.28
2365	0.55
2366	0.66
2367	0.67
2368	0.96
2369	0.56
237	0.86
2370	0.80
2371	0.69
2372	0.25
2373	0.47
2374	0.46
2375	0.46
2376	0.40
2377	1.00
2378	0.50
2379	0.52
238	0.72
2380	0.48
2381	0.19
2382	0.68
2383	0.84
2384	1.00
2385	0.22
2386	0.28
2387	0.54
2388	0.59
2389	0.64
239	0.42
2390	1.00
2391	0.30
2392	0.60
2393	0.55
2394	0.68
2395	0.64
2396	0.51
2397	0.30
2398	0.49
2399	0.81
24	0.90
240	0.67
2400	0.57
2401	0.26
2402	0.62
2403	0.40
2404	0.43
2405	0.25
2406	0.00
2407	0.59
2408	0.29
2409	0.47
241	1.00
2410	0.68
2411	0.29
2412	0.23
2413	0.55
2414	0.68
2415	0.49
2416	0.84
2417	0.66
2418	0.38
2419	1.00
242	0.60
2420	0.34
2421	1.00
2422	0.33
2423	0.39
2424	1.00
2425	0.67
2426	0.56
2427	0.35
2428	0.53
2429	0.35
243	0.64
2430	0.59
2431	0.51
2432	0.30
2433	0.36
2434	0.33
2435	0.62
2436	0.50
2437	0.54
2438	0.48
2439	0.51
244	1.00
2440	0.48
2441	0.38
2442	0.93
2443	0.57
2444	0.30
2445	0.29
2446	0.47
2447	0.78
2448	0.55
2449	0.62
245	0.70
2450	0.64
2451	0.45
2452	0.61
2453	0.43
2454	0.42
2455	0.53
2456	0.55
2457	0.63
2458	0.89
2459	0.93
246	0.59
2460	0.87
2461	0.38
2462	1.00
2463	0.29
2464	0.57
2465	0.54
2466	0.69
2467	0.83
2468	0.52
2469	0.58
247	0.67
2470	0.65
2471	0.66
2472	0.57
2473	0.32
2474	0.42
2475	0.57
2476	0.72
2477	0.75
2478	0.57
2479	0.54
248	0.50
2480	0.26
2481	1.00
2482	0.21
2483	0.50
2484	0.54
2485	0.73
2486	0.49
2487	0.47
2488	0.61
2489	0.96
249	0.63
2490	0.44
2491	0.43
2492	0.66
2493	0.43
2494	0.71
2495	0.44
2496	0.51
2497	0.64
2498	0.60
2499	0.49
25	0.29
250	0.80
2500	0.51
2501	0.43
2502	0.54
2503	0.30
2504	0.74
2505	0.62
2506	0.46
2507	0.33
2508	0.22
2509	0.67
251	0.78
2510	0.65
2511	0.51
2512	0.36
2513	0.48
2514	0.41
2515	0.25
2516	0.88
2517	0.52
2518	0.36
2519	0.67
252	0.40
2520	0.35
2521	0.48
2522	0.61
2523	0.54
2524	0.81
2525	0.86
2526	0.52
2527	0.62
2528	0.67
2529	0.71
253	0.67
2530	0.44
2531	1.00
2532	0.54
2533	0.95
2534	0.60
2535	0.41
2536	0.71
2537	0.51
2538	0.60
2539	0.51
254	0.90
2540	0.50
2541	0.69
2542	0.68
2543	0.47
2544	0.55
2545	0.48
2546	0.36
2547	0.27
2548	0.57
2549	0.67
255	1.00
2550	0.48
2551	0.25
2552	0.60
2553	1.00
2554	0.47
2555	0.95
2556	0.34
2557	0.37
2558	0.76
2559	0.68
256	1.00
2560	0.59
2561	0.31
2562	0.42
2563	0.34
2564	0.42
2565	0.75
2566	0.59
2567	0.60
2568	0.33
2569	0.47
257	0.50
2570	0.45
2571	0.25
2572	0.56
2573	0.60
2574	0.79
2575	0.00
2576	0.65
2577	0.54
2578	0.50
2579	0.46
258	0.49
2580	1.00
2581	0.37
2582	0.80
2583	0.73
2584	0.58
2585	0.45
2586	0.32
2587	0.73
2588	0.50
2589	0.44
259	0.68
2590	0.74
2591	0.42
2592	0.59
2593	0.47
2594	0.37
2595	0.46
2596	0.84
2597	0.50
2598	0.93
2599	0.53
26	0.41
260	0.39
2600	0.93
2601	1.00
2602	0.43
2603	0.58
2604	0.84
2605	0.71
2606	0.67
2607	0.60
2608	0.27
2609	0.69
261	0.48
2610	0.52
2611	0.62
2612	0.00
2613	0.22
2614	0.50
2615	0.93
2616	0.26
2617	0.37
2618	0.30
2619	0.56
262	1.00
2620	0.43
2621	0.28
2622	0.42
2623	0.78
2624	0.44
2625	0.59
2626	0.53
2627	0.30
2628	0.51
2629	0.40
263	0.95
2630	0.37
2631	1.00
2632	0.56
2633	0.51
2634	0.81
2635	0.43
2636	0.62
2637	0.60
2638	0.71
2639	0.79
264	1.00
2640	0.56
2641	0.43
2642	0.48
2643	0.57
2644	0.20
2645	0.72
2646	0.66
2647	0.35
2648	0.77
2649	0.47
265	0.64
2650	0.43
2651	0.51
2652	0.44
2653	0.31
2654	0.35
2655	0.48
2656	0.60
2657	0.67
2658	0.94
2659	0.59
266	0.88
2660	0.25
2661	1.00
2662	0.96
2663	0.93
2664	0.82
2665	0.49
2666	0.64
2667	0.96
2668	0.57
2669	0.64
267	1.00
2670	1.00
2671	0.60
2672	0.40
2673	0.42
2674	0.50
2675	0.24
2676	0.69
2677	0.67
2678	0.83
2679	0.27
268	0.91
2680	0.45
2681	0.65
2682	1.00
2683	0.37
2684	0.59
2685	0.41
2686	0.40
2687	0.43
2688	0.42
2689	0.25
269	0.47
2690	0.58
2691	0.73
2692	0.25
2693	0.53
2694	0.62
2695	0.50
2696	0.47
2697	0.59
2698	0.55
2699	0.60
27	0.90
270	0.83
2700	0.73
2701	0.68
2702	0.32
2703	0.45
2704	0.59
2705	0.93
2706	0.59
2707	0.36
2708	0.96
2709	0.96
271	0.39
2710	0.47
2711	0.00
2712	0.47
2713	0.42
2714	0.45
2715	0.42
2716	0.57
2717	0.56
2718	0.37
2719	0.57
272	0.35
2720	0.46
2721	0.67
2722	0.60
2723	0.38
2724	0.79
2725	0.31
2726	0.54
2727	0.71
2728	0.78
2729	0.38
273	1.00
2730	0.48
2731	0.67
2732	0.50
2733	0.33
2734	0.69
2735	0.45
2736	0.21
2737	0.52
2738	0.53
2739	0.20
274	0.56
2740	0.26
2741	0.67
2742	0.60
2743	0.94
2744	0.38
2745	0.59
2746	0.31
2747	0.40
2748	0.46
2749	0.52
275	0.87
2750	0.61
2751	0.40
2752	0.59
2753	0.66
2754	0.00
2755	0.46
2756	0.49
2757	0.50
2758	0.75
2759	0.60
276	0.75
2760	0.46
2761	0.61
2762	0.69
2763	0.44
2764	0.74
2765	0.33
2766	0.72
2767	0.54
2768	0.62
2769	0.67
277	0.35
2770	0.38
2771	0.83
2772	0.78
2773	0.55
2774	0.30
2775	0.36
2776	0.41
2777	0.24
2778	0.56
2779	0.31
278	0.80
2780	0.49
2781	0.49
2782	0.82
2783	0.57
2784	0.96
2785	0.54
2786	1.00
2787	0.56
2788	0.93
2789	0.70
279	1.00
2790	0.42
2791	0.52
2792	0.28
2793	0.20
2794	0.27
2795	0.59
2796	0.20
2797	0.39
2798	0.89
2799	1.00
28	0.77
280	0.47
2800	0.90
2801	0.68
2802	0.61
2803	0.52
2804	0.40
2805	0.43
2806	0.34
2807	0.30
2808	0.52
2809	0.44
281	0.74
2810	0.40
2811	0.68
2812	0.44
2813	0.38
2814	0.52
2815	0.57
2816	0.17
2817	0.40
2818	0.70
2819	0.39
282	1.00
2820	0.33
2821	0.89
2822	0.82
2823	0.90
2824	0.96
2825	0.52
2826	0.26
2827	0.90
2828	0.67
2829	0.80
283	0.60
2830	1.00
2831	0.73
2832	0.35
2833	0.41
2834	0.96
2835	0.48
2836	0.39
2837	0.77
2838	0.30
2839	0.20
284	0.70
2840	0.31
2841	0.42
2842	0.51
2843	0.76
2844	0.86
2845	0.42
2846	1.00
2847	0.47
2848	0.86
2849	0.59
285	0.43
2850	0.25
2851	0.27
2852	0.26
2853	0.25
2854	0.54
2855	0.42
2856	0.41
2857	0.52
2858	0.57
2859	0.48
286	1.00
2860	0.40
2861	0.54
2862	0.95
2863	0.30
2864	0.94
2865	0.77
2866	0.40
2867	0.55
2868	0.58
2869	0.32
287	0.00
2870	0.46
2871	0.41
2872	0.59
2873	0.27
2874	0.91
2875	0.89
2876	0.39
2877	0.80
2878	0.85
2879	1.00
288	0.83
2880	0.32
2881	0.45
2882	0.67
2883	1.00
2884	0.57
2885	0.48
2886	0.54
2887	0.41
2888	0.70
2889	0.91
289	0.83
2890	0.43
2891	0.61
2892	0.49
2893	0.56
2894	0.86
2895	0.48
2896	0.70
2897	0.54
2898	0.29
2899	0.39
29	0.46
290	0.82
2900	0.32
2901	0.43
2902	0.37
2903	0.89
2904	0.65
2905	0.50
2906	1.00
2907	0.60
2908	0.30
2909	0.50
291	0.38
2910	1.00
2911	1.00
2912	0.36
2913	1.00
2914	0.73
2915	0.37
2916	0.76
2917	0.49
2918	0.53
2919	0.58
292	0.00
2920	0.46
2921	0.46
2922	0.92
2923	0.95
2924	0.71
2925	0.43
2926	0.86
2927	0.46
2928	0.90
2929	0.45
293	1.00
2930	0.19
2931	0.40
2932	0.56
2933	0.42
2934	0.57
2935	0.57
2936	0.79
2937	0.46
2938	0.49
2939	0.65
294	0.67
2940	0.38
2941	0.77
2942	0.72
2943	0.60
2944	0.76
2945	0.80
2946	0.64
2947	0.60
2948	0.61
2949	0.44
295	0.53
2950	0.87
2951	0.82
2952	0.66
2953	0.79
2954	0.84
2955	0.56
2956	0.68
2957	0.65
2958	0.41
2959	0.68
296	0.95
2960	0.53
2961	0.67
2962	0.77
2963	0.55
2964	0.75
2965	0.66
2966	0.76
2967	0.57
2968	0.80
2969	0.54
297	0.72
2970	0.87
2971	0.50
2972	0.73
2973	0.74
2974	0.40
2975	0.57
2976	0.78
2977	0.87
2978	0.25
2979	0.46
298	0.95
2980	0.74
2981	0.66
2982	1.00
2983	0.52
2984	0.78
2985	0.67
2986	0.37
2987	0.83
2988	0.86
2989	0.76
299	0.68
2990	0.62
2991	0.78
2992	0.24
2993	0.70
2994	0.78
2995	0.59
2996	0.77
2997	0.62
2998	0.53
2999	0.85
3	0.63
30	0.50
300	0.76
3000	0.62
3001	0.86
3002	0.73
3003	0.83
3004	0.85
3005	0.70
3006	0.72
3007	0.81
3008	0.68
3009	0.57
301	0.67
3010	0.71
3011	0.83
3012	0.81
3013	0.82
3014	0.60
3015	0.83
3016	0.38
3017	0.68
3018	0.83
3019	0.85
302	0.75
3020	0.65
3021	0.50
3022	0.79
3023	0.42
3024	0.78
3025	0.78
3026	0.43
3027	0.55
3028	0.67
3029	0.70
303	0.58
3030	0.74
3031	0.43
3032	0.79
3033	0.70
3034	0.79
3035	0.88
3036	0.39
3037	0.41
3038	0.82
3039	0.72
304	0.39
3040	0.84
3041	0.65
3042	0.68
3043	0.72
3044	0.78
3045	0.76
3046	0.68
3047	0.81
3048	0.77
3049	0.83
305	1.00
3050	0.54
3051	0.75
3052	0.63
3053	0.77
3054	0.83
3055	0.82
3056	0.74
3057	0.87
3058	0.73
3059	0.00
306	1.00
3060	0.58
3061	0.48
3062	0.82
3063	0.70
3064	0.43
3065	0.85
3066	0.75
3067	0.66
3068	0.79
3069	0.45
307	0.67
3070	0.48
3071	0.79
3072	0.90
3073	0.81
3074	0.75
3075	0.78
3076	0.85
3077	0.47
3078	1.00
3079	0.76
308	0.47
3080	0.79
3081	0.55
3082	0.83
3083	0.27
3084	0.84
3085	0.85
3086	0.83
3087	0.79
3088	0.78
3089	0.43
309	1.00
3090	0.84
3091	0.78
3092	0.50
3093	0.43
3094	0.83
3095	0.84
3096	0.73
3097	0.81
3098	0.28
3099	0.38
31	0.43
310	0.54
3100	0.58
3101	0.74
3102	0.85
3103	0.80
3104	0.81
3105	0.84
3106	0.62
3107	0.39
3108	0.38
3109	0.54
311	0.52
3110	0.75
3111	0.28
3112	0.81
3113	0.28
3114	0.80
3115	0.69
3116	0.42
3117	0.62
3118	0.55
3119	0.81
312	0.43
3120	0.83
3121	0.50
3122	1.00
3123	1.00
3124	0.76
3125	0.74
3126	0.39
3127	0.71
3128	0.85
3129	0.67
313	0.50
3130	0.85
3131	0.40
3132	0.82
3133	0.76
3134	0.78
3135	0.75
3136	0.81
3137	0.69
3138	0.42
3139	0.00
314	0.42
3140	0.51
3141	0.77
3142	0.78
3143	0.66
3144	1.00
3145	0.77
3146	0.72
3147	0.51
3148	0.68
3149	0.65
315	0.32
3150	0.80
3151	0.45
3152	0.85
3153	0.84
3154	0.44
3155	0.85
3156	0.55
3157	0.73
3158	1.00
3159	0.77
316	1.00
3160	0.71
3161	0.67
3162	0.36
3163	0.57
3164	0.43
3165	0.69
3166	0.90
3167	0.42
3168	0.46
3169	0.63
317	0.52
3170	0.57
3171	0.60
3172	0.40
3173	0.85
3174	0.35
3175	0.73
3176	0.41
3177	0.70
3178	0.75
3179	0.90
318	0.53
3180	0.71
3181	0.71
3182	0.42
3183	0.98
3184	0.81
3185	0.76
3186	0.90
3187	0.78
3188	0.83
3189	0.57
319	0.68
3190	0.33
3191	0.84
3192	0.69
3193	0.81
3194	0.67
3195	0.00
3196	0.85
3197	0.79
3198	0.64
3199	0.88
32	1.00
320	0.48
3200	0.78
3201	0.81
3202	0.38
3203	0.75
3204	0.68
3205	0.75
3206	0.56
3207	0.85
3208	0.42
3209	0.80
321	1.00
3210	0.64
3211	0.58
3212	0.68
3213	0.82
3214	0.66
3215	0.64
3216	0.63
3217	0.60
3218	0.79
3219	0.89
322	0.29
3220	0.85
3221	0.84
3222	0.73
3223	0.65
3224	0.78
3225	0.85
3226	0.16
3227	0.72
3228	0.31
3229	0.42
323	0.48
3230	0.54
3231	0.86
3232	0.38
3233	0.36
3234	0.77
3235	0.71
3236	0.79
3237	0.83
3238	0.75
3239	0.74
324	0.37
3240	0.41
3241	0.74
3242	0.76
3243	0.35
3244	0.42
3245	0.42
3246	0.72
3247	0.83
3248	0.78
3249	0.51
325	0.60
3250	0.81
3251	0.84
3252	0.80
3253	0.83
3254	0.28
3255	0.73
3256	0.86
3257	0.47
3258	0.36
3259	0.82
326	0.67
3260	0.82
3261	0.63
3262	0.53
3263	0.52
3264	0.74
3265	0.84
3266	0.48
3267	0.41
3268	0.82
3269	1.00
327	1.00
3270	0.75
3271	0.53
3272	1.00
3273	0.80
3274	1.00
3275	0.62
3276	0.86
3277	0.51
3278	0.47
3279	0.83
328	1.00
3280	0.62
3281	0.83
3282	0.57
3283	0.77
3284	0.65
3285	0.35
3286	0.75
3287	0.52
3288	0.70
3289	0.65
329	0.23
3290	0.74
3291	0.41
3292	0.53
3293	0.87
3294	0.84
3295	0.78
3296	0.70
3297	0.38
3298	0.32
3299	0.77
33	1.00
330	0.83
3300	0.88
3301	0.62
3302	0.87
3303	0.43
3304	0.90
3305	0.80
3306	0.64
3307	0.50
3308	0.67
3309	0.65
331	0.53
3310	0.73
3311	0.64
3312	0.82
3313	1.00
3314	0.77
3315	0.83
3316	0.56
3317	0.77
3318	0.80
3319	0.62
332	0.42
3320	0.73
3321	0.49
3322	1.00
3323	0.67
3324	0.31
3325	0.91
3326	0.81
3327	0.51
3328	0.53
3329	0.67
333	0.79
3330	0.67
3331	0.47
3332	0.75
3333	0.53
3334	0.43
3335	0.00
3336	0.80
3337	0.75
3338	0.75
3339	0.78
334	0.51
3340	0.84
3341	0.87
3342	0.00
3343	0.53
3344	0.39
3345	0.58
3346	0.86
3347	0.56
3348	0.88
3349	0.55
335	0.00
3350	0.67
3351	0.82
3352	1.00
3353	0.84
3354	0.83
3355	0.76
3356	0.75
3357	0.46
3358	0.85
3359	0.68
336	1.00
3360	0.79
3361	0.80
3362	0.80
3363	0.51
3364	0.69
3365	0.78
3366	0.88
3367	0.82
3368	1.00
3369	0.80
337	0.81
3370	0.74
3371	0.84
3372	0.75
3373	0.81
3374	1.00
3375	0.51
3376	0.81
3377	0.83
3378	0.54
3379	0.46
338	0.67
3380	0.72
3381	0.62
3382	0.67
3383	0.67
3384	0.86
3385	0.51
3386	0.89
3387	0.70
3388	0.53
3389	0.75
339	0.26
3390	0.59
3391	0.84
3392	0.33
3393	1.00
3394	0.64
3395	0.80
3396	0.93
3397	0.84
3398	0.79
3399	0.77
34	0.60
340	0.73
3400	0.87
3401	0.79
3402	0.90
3403	0.82
3404	0.57
3405	0.34
3406	0.82
3407	0.69
3408	0.80
3409	0.40
341	0.77
3410	0.85
3411	0.76
3412	0.83
3413	0.64
3414	0.89
3415	0.00
3416	0.39
3417	0.70
3418	0.84
3419	0.83
342	0.58
3420	0.77
3421	0.63
3422	0.53
3423	0.83
3424	0.88
3425	0.80
3426	0.30
3427	0.75
3428	0.74
3429	0.80
343	0.63
3430	0.54
3431	0.75
3432	0.87
3433	0.79
3434	1.00
3435	0.00
3436	0.86
3437	0.75
3438	0.77
3439	0.73
344	0.50
3440	0.59
3441	0.75
3442	0.90
3443	0.75
3444	0.41
3445	0.67
3446	0.66
3447	0.85
3448	0.44
3449	0.78
345	0.65
3450	0.45
3451	0.80
3452	0.66
3453	0.93
3454	0.59
3455	0.82
3456	0.77
3457	0.78
3458	0.62
3459	0.72
346	0.53
3460	0.61
3461	0.80
3462	0.82
3463	0.90
3464	0.73
3465	0.40
3466	0.57
3467	0.82
3468	0.72
3469	0.60
347	0.81
3470	0.42
3471	0.65
3472	0.78
3473	0.68
3474	0.82
3475	0.62
3476	0.89
3477	0.85
3478	0.83
3479	0.41
348	0.12
3480	0.71
3481	0.72
3482	0.40
3483	0.58
3484	0.75
3485	0.53
3486	0.37
3487	0.50
3488	0.90
3489	1.00
349	0.14
3490	0.73
3491	0.60
3492	0.47
3493	0.56
3494	0.76
3495	0.00
3496	0.75
3497	0.00
3498	0.49
3499	0.67
35	1.00
350	0.27
3500	0.62
3501	0.39
3502	0.44
3503	0.68
3504	0.67
3505	0.64
3506	0.41
3507	0.94
3508	0.51
3509	1.00
351	0.04
3510	0.32
3511	0.53
3512	0.57
3513	0.55
3514	0.84
3515	0.81
3516	0.60
3517	0.49
3518	0.85
3519	0.60
352	0.11
3520	0.80
3521	0.92
3522	0.66
3523	0.92
3524	0.69
3525	0.38
3526	0.54
3527	0.57
3528	0.62
3529	0.56
353	1.00
3530	1.00
3531	0.52
3532	0.58
3533	0.50
3534	0.72
3535	0.50
3536	0.27
3537	0.64
3538	0.86
3539	0.39
354	1.00
3540	0.68
3541	0.82
3542	0.60
3543	0.54
3544	0.49
3545	0.34
3546	0.47
3547	0.43
3548	0.70
3549	0.61
355	1.00
3550	0.19
3551	0.45
3552	0.80
3553	0.58
3554	0.47
3555	0.95
3556	0.71
3557	0.85
3558	0.53
3559	0.25
356	1.00
3560	0.50
3561	0.92
3562	0.58
3563	0.34
3564	0.71
3565	0.65
3566	0.41
3567	0.54
3568	0.72
3569	0.41
357	0.22
3570	0.58
3571	0.36
3572	0.44
3573	0.40
3574	0.67
3575	0.68
3576	0.27
3577	0.92
3578	0.55
3579	0.42
358	0.80
3580	0.50
3581	0.34
3582	0.44
3583	0.33
3584	0.50
3585	0.51
3586	0.56
3587	0.71
3588	0.44
3589	0.60
359	0.32
3590	0.31
3591	0.70
3592	0.41
3593	0.45
3594	1.00
3595	0.92
3596	0.59
3597	0.47
3598	1.00
3599	0.36
36	0.96
360	0.32
3600	0.90
3601	0.35
3602	0.72
3603	0.00
3604	0.80
3605	1.00
3606	0.47
3607	0.64
3608	1.00
3609	0.49
361	0.34
3610	0.72
3611	0.94
3612	0.61
3613	0.97
3614	1.00
3615	0.31
3616	0.32
3617	0.61
3618	0.84
3619	0.83
362	0.26
3620	1.00
3621	0.64
3622	0.79
3623	0.36
3624	0.97
3625	0.89
3626	0.33
3627	1.00
3628	0.87
3629	0.58
363	0.28
3630	0.38
3631	0.47
3632	0.63
3633	0.67
3634	0.29
3635	0.55
3636	0.80
3637	0.75
3638	0.78
3639	0.32
364	0.49
3640	0.43
3641	0.25
3642	0.92
3643	0.58
3644	0.63
3645	0.59
3646	0.28
3647	0.76
3648	0.67
3649	0.60
365	0.28
3650	0.64
3651	0.68
3652	0.51
3653	0.53
3654	0.73
3655	0.53
3656	0.49
3657	0.88
3658	0.67
3659	0.53
366	0.16
3660	0.74
3661	0.64
3662	0.72
3663	0.70
3664	0.64
3665	0.98
3666	0.56
3667	0.84
3668	0.51
3669	0.58
367	0.27
3670	0.77
3671	0.39
3672	0.78
3673	0.89
3674	0.52
3675	0.92
3676	0.00
3677	0.62
3678	1.00
3679	0.71
368	0.35
3680	0.90
3681	0.71
3682	0.85
3683	0.61
3684	0.51
3685	0.47
3686	0.67
3687	0.43
3688	0.80
3689	0.53
369	0.25
3690	0.80
3691	0.94
3692	0.55
3693	0.98
3694	1.00
3695	0.69
3696	0.39
3697	0.35
3698	0.50
3699	0.91
37	0.00
370	0.33
3700	1.00
3701	0.50
3702	0.45
3703	0.30
3704	0.78
3705	0.56
3706	0.59
3707	0.82
3708	1.00
3709	0.71
371	0.18
3710	1.00
3711	1.00
3712	0.28
3713	1.00
3714	0.58
3715	0.50
3716	0.92
3717	0.86
3718	0.61
3719	0.67
372	0.41
3720	1.00
3721	1.00
3722	0.79
3723	0.53
3724	0.65
3725	1.00
3726	0.34
3727	0.63
3728	0.48
3729	0.96
373	0.37
3730	0.00
3731	0.71
3732	0.56
3733	0.75
3734	0.76
3735	0.62
3736	0.92
3737	1.00
3738	1.00
3739	0.62
374	0.17
3740	0.45
3741	0.53
3742	0.51
3743	0.47
3744	0.75
3745	0.71
3746	0.60
3747	0.66
3748	0.00
3749	0.70
375	0.42
3750	0.51
3751	1.00
3752	1.00
3753	0.52
3754	0.90
3755	0.65
3756	0.53
3757	0.42
3758	0.84
3759	0.69
376	0.25
3760	0.80
3761	0.75
3762	1.00
3763	0.60
3764	1.00
3765	0.56
3766	0.00
3767	0.93
3768	0.87
3769	0.64
377	0.38
3770	0.67
3771	0.54
3772	0.82
3773	0.88
3774	0.32
3775	0.71
3776	0.54
3777	0.71
3778	0.63
3779	0.47
378	0.19
3780	0.27
3781	1.00
3782	0.98
3783	0.36
3784	0.52
3785	0.69
3786	0.33
3787	0.43
3788	0.50
3789	0.82
379	0.31
3790	0.80
3791	0.33
3792	0.71
3793	0.60
3794	0.79
3795	0.56
3796	0.83
3797	0.39
3798	0.97
3799	0.52
38	0.36
380	0.40
3800	0.59
3801	0.55
3802	0.80
3803	0.89
3804	0.64
3805	0.54
3806	0.58
3807	0.62
3808	0.34
3809	0.53
381	0.32
3810	0.70
3811	0.65
3812	0.00
3813	0.46
3814	0.48
3815	0.67
3816	0.78
3817	0.37
3818	0.53
3819	0.50
382	0.39
3820	0.73
3821	1.00
3822	1.00
3823	0.62
3824	0.44
3825	1.00
3826	0.62
3827	1.00
3828	0.79
3829	0.91
383	0.39
3830	0.67
3831	0.55
3832	0.65
3833	0.86
3834	0.00
3835	0.30
3836	0.57
3837	0.30
3838	0.49
3839	0.29
384	0.76
3840	0.57
3841	0.79
3842	0.53
3843	0.36
3844	0.46
3845	0.76
3846	0.58
3847	0.76
3848	0.75
3849	0.56
385	1.00
3850	0.85
3851	0.39
3852	0.70
3853	0.89
3854	0.66
3855	0.44
3856	0.54
3857	1.00
3858	0.68
3859	1.00
386	0.55
3860	0.35
3861	0.93
3862	0.90
3863	0.64
3864	0.58
3865	0.00
3866	1.00
3867	0.49
3868	0.00
3869	0.96
387	0.82
3870	0.65
3871	0.40
3872	0.63
3873	0.77
3874	0.71
3875	1.00
3876	0.83
3877	0.56
3878	0.73
3879	0.79
388	0.82
3880	0.43
3881	0.54
3882	0.96
3883	0.52
3884	0.91
3885	1.00
3886	0.97
3887	0.60
3888	1.00
3889	0.47
389	0.78
3890	0.38
3891	0.50
3892	0.92
3893	0.55
3894	1.00
3895	0.40
3896	0.51
3897	0.91
3898	0.40
3899	0.51
39	0.50
390	0.67
3900	0.91
3901	0.53
3902	0.61
3903	0.38
3904	0.60
3905	1.00
3906	0.83
3907	1.00
3908	0.46
3909	0.46
391	0.44
3910	0.48
3911	0.67
3912	0.48
3913	0.64
3914	0.37
3915	0.70
3916	0.57
3917	0.49
3918	1.00
3919	1.00
392	0.55
3920	0.90
3921	0.82
3922	0.36
3923	0.65
3924	0.52
3925	0.83
3926	0.25
3927	0.98
3928	0.88
3929	0.66
393	0.42
3930	1.00
3931	0.81
3932	0.53
3933	0.90
3934	0.51
3935	0.30
3936	0.67
3937	0.56
3938	0.33
3939	0.33
394	0.45
3940	0.89
3941	0.58
3942	0.69
3943	0.00
3944	0.93
3945	0.53
3946	0.35
3947	1.00
3948	0.73
3949	0.38
395	0.64
3950	1.00
3951	0.46
3952	0.41
3953	0.83
3954	0.44
3955	0.30
3956	0.27
3957	0.57
3958	0.83
3959	0.83
396	1.00
3960	0.83
3961	1.00
3962	0.52
3963	0.79
3964	0.50
3965	1.00
3966	0.75
3967	0.80
3968	0.63
3969	1.00
397	0.00
3970	0.44
3971	0.72
3972	0.48
3973	0.65
3974	0.47
3975	0.43
3976	0.80
3977	0.86
3978	0.00
3979	0.96
398	0.47
3980	0.72
3981	0.73
3982	0.67
3983	0.52
3984	0.89
3985	0.51
3986	1.00
3987	0.00
3988	0.73
3989	0.72
399	0.31
3990	1.00
3991	0.62
3992	1.00
3993	0.67
3994	1.00
3995	0.80
3996	0.69
3997	0.47
3998	0.50
3999	0.75
4	0.87
40	0.40
400	0.63
4000	0.46
4001	0.67
4002	0.58
4003	1.00
4004	0.52
4005	1.00
4006	0.53
4007	1.00
4008	1.00
4009	1.00
401	0.38
4010	0.00
4011	0.78
4012	0.00
4013	1.00
4014	0.80
4015	0.44
4016	0.00
4017	1.00
4018	0.61
4019	0.90
402	0.48
4020	0.75
4021	0.54
4022	0.62
4023	0.00
4024	0.38
4025	0.00
4026	1.00
4027	0.64
4028	0.52
4029	1.00
403	0.23
4030	1.00
4031	0.37
4032	1.00
4033	1.00
4034	1.00
4035	0.00
4036	1.00
4037	0.67
4038	0.56
404	0.00
405	0.86
406	0.40
407	0.58
408	0.46
409	0.54
41	0.47
410	0.42
411	0.47
412	0.51
413	0.58
414	0.94
415	0.90
416	0.49
417	0.68
418	0.50
419	0.62
42	1.00
420	0.74
421	0.52
422	0.64
423	0.86
424	0.82
425	0.58
426	0.59
427	0.41
428	0.59
429	0.42
43	0.00
430	0.55
431	1.00
432	0.48
433	0.60
434	0.56
435	0.68
436	0.58
437	0.38
438	0.75
439	0.54
44	1.00
440	0.59
441	0.84
442	0.82
443	0.62
444	0.92
445	0.65
446	0.57
447	0.27
448	0.44
449	0.80
45	0.73
450	0.47
451	0.74
452	0.63
453	0.49
454	0.32
455	0.75
456	0.75
457	0.63
458	0.80
459	0.39
46	1.00
460	0.75
461	0.73
462	0.72
463	0.56
464	0.57
465	0.91
466	0.51
467	0.76
468	0.63
469	0.70
47	1.00
470	0.76
471	0.76
472	0.75
473	0.40
474	0.77
475	0.66
476	0.30
477	0.33
478	0.80
479	0.51
48	0.33
480	0.44
481	0.44
482	0.67
483	0.57
484	0.58
485	0.67
486	0.53
487	0.41
488	0.83
489	0.53
49	0.50
490	0.60
491	0.91
492	0.53
493	0.48
494	0.32
495	0.55
496	0.40
497	0.57
498	0.43
499	0.38
5	0.33
50	0.56
500	0.42
501	0.74
502	1.00
503	0.53
504	0.60
505	0.67
506	0.64
507	0.59
508	0.83
509	0.42
51	0.86
510	0.62
511	0.40
512	0.57
513	1.00
514	0.64
515	0.43
516	0.62
517	0.83
518	0.50
519	0.70
52	1.00
520	1.00
521	0.44
522	0.69
523	0.49
524	0.50
525	0.68
526	0.64
527	0.47
528	0.70
529	0.64
53	0.38
530	0.78
531	0.59
532	1.00
533	0.60
534	0.51
535	0.56
536	0.82
537	0.46
538	0.33
539	0.39
54	0.57
540	0.60
541	0.77
542	0.54
543	0.50
544	0.52
545	0.52
546	0.59
547	0.82
548	0.35
549	0.81
55	0.83
550	0.43
551	1.00
552	0.53
553	0.58
554	0.55
555	0.80
556	0.29
557	1.00
558	0.62
559	0.36
56	0.35
560	0.49
561	0.52
562	0.56
563	0.33
564	0.50
565	0.61
566	0.39
567	0.75
568	0.69
569	0.59
57	0.52
570	0.70
571	0.24
572	0.34
573	0.57
574	0.44
575	0.75
576	0.63
577	0.67
578	0.52
579	0.56
58	0.27
580	0.53
581	0.42
582	0.00
583	0.77
584	0.38
585	0.72
586	0.63
587	0.57
588	0.73
589	0.71
59	0.78
590	0.42
591	0.83
592	0.32
593	0.54
594	0.81
595	0.50
596	0.45
597	0.97
598	0.69
599	0.53
6	0.93
60	0.68
600	0.44
601	0.77
602	0.67
603	0.57
604	0.81
605	0.00
606	0.67
607	0.65
608	0.54
609	0.46
61	0.67
610	0.44
611	0.62
612	0.47
613	0.44
614	0.56
615	0.67
616	0.61
617	0.50
618	0.56
619	0.67
62	0.52
620	0.64
621	0.59
622	0.55
623	0.83
624	0.53
625	0.63
626	0.69
627	0.69
628	0.62
629	0.41
63	1.00
630	0.70
631	0.00
632	0.52
633	0.50
634	0.57
635	0.59
636	0.63
637	0.33
638	0.65
639	0.56
64	0.95
640	0.50
641	0.45
642	0.54
643	0.80
644	0.54
645	0.38
646	0.56
647	0.43
648	0.68
649	0.66
65	0.50
650	0.77
651	0.25
652	0.51
653	0.60
654	0.53
655	0.62
656	0.33
657	0.18
658	0.61
659	0.45
66	0.88
660	0.72
661	0.45
662	1.00
663	0.44
664	0.46
665	0.60
666	0.67
667	0.69
668	0.65
669	0.48
67	0.36
670	0.53
671	0.55
672	0.95
673	0.60
674	0.65
675	0.43
676	0.76
677	0.53
678	0.47
679	0.31
68	0.83
680	0.67
681	0.67
682	0.61
683	0.41
684	0.73
685	0.45
686	0.67
687	0.65
688	0.31
689	0.71
69	0.64
690	0.43
691	0.56
692	0.00
693	0.68
694	1.00
695	0.62
696	0.46
697	0.51
698	0.50
699	0.60
7	0.43
70	1.00
700	0.47
701	0.55
702	0.77
703	0.36
704	0.76
705	0.65
706	0.53
707	0.37
708	0.47
709	0.34
71	1.00
710	1.00
711	0.62
712	0.43
713	0.52
714	0.54
715	0.61
716	0.56
717	0.54
718	0.84
719	1.00
72	0.61
720	0.69
721	0.45
722	0.43
723	0.38
724	0.46
725	0.69
726	0.29
727	0.55
728	0.64
729	0.55
73	0.53
730	0.44
731	0.76
732	0.28
733	0.49
734	0.61
735	0.80
736	0.54
737	0.82
738	1.00
739	1.00
74	0.00
740	0.60
741	0.55
742	0.52
743	0.68
744	0.45
745	0.47
746	0.61
747	0.55
748	1.00
749	0.47
75	0.76
750	0.70
751	0.57
752	0.76
753	0.62
754	0.24
755	0.56
756	1.00
757	0.66
758	0.55
759	0.43
76	1.00
760	0.49
761	0.43
762	1.00
763	0.40
764	0.68
765	0.75
766	0.57
767	0.67
768	0.59
769	0.25
77	0.60
770	0.58
771	0.78
772	0.61
773	0.72
774	0.66
775	0.66
776	0.55
777	0.61
778	0.71
779	0.70
78	1.00
780	0.58
781	0.60
782	0.52
783	0.87
784	0.63
785	0.62
786	0.64
787	0.53
788	0.66
789	0.59
79	0.94
790	0.40
791	0.50
792	0.53
793	0.57
794	0.57
795	0.69
796	0.72
797	0.55
798	0.56
799	0.61
8	0.68
80	0.52
800	0.76
801	0.73
802	0.80
803	0.30
804	0.58
805	0.92
806	0.48
807	0.47
808	0.53
809	0.62
81	0.67
810	0.68
811	0.66
812	1.00
813	0.33
814	0.64
815	0.50
816	0.55
817	0.51
818	0.54
819	0.84
82	0.42
820	0.44
821	0.61
822	0.74
823	0.24
824	0.36
825	0.61
826	0.69
827	0.57
828	0.62
829	0.33
83	0.86
830	0.62
831	0.50
832	1.00
833	0.54
834	0.57
835	0.54
836	0.58
837	0.75
838	0.41
839	0.67
84	0.42
840	0.60
841	0.63
842	0.55
843	0.37
844	0.43
845	0.55
846	0.43
847	0.45
848	1.00
849	0.87
85	0.65
850	0.74
851	0.65
852	0.35
853	0.50
854	0.84
855	0.29
856	0.63
857	0.58
858	1.00
859	0.45
86	1.00
860	0.62
861	0.65
862	0.48
863	0.45
864	0.85
865	0.78
866	0.67
867	0.83
868	0.84
869	1.00
87	0.64
870	0.39
871	0.38
872	0.00
873	0.50
874	0.58
875	0.75
876	0.48
877	0.47
878	0.69
879	0.50
88	0.34
880	1.00
881	1.00
882	0.74
883	0.63
884	0.59
885	0.51
886	0.66
887	0.79
888	0.63
889	1.00
89	0.68
890	0.70
891	0.29
892	0.75
893	0.55
894	0.39
895	0.47
896	0.69
897	0.67
898	0.42
899	0.61
9	0.40
90	1.00
900	0.96
901	0.56
902	0.60
903	0.70
904	0.45
905	0.24
906	0.50
907	0.60
908	0.48
909	0.58
91	0.68
910	0.64
911	0.37
912	0.63
913	0.34
914	0.49
915	0.42
916	1.00
917	0.43
918	0.62
919	0.69
92	0.78
920	0.57
921	0.32
922	0.31
923	0.50
924	0.82
925	0.94
926	0.37
927	0.62
928	0.80
929	0.83
93	0.86
930	0.50
931	0.53
932	0.57
933	0.50
934	0.64
935	0.57
936	0.32
937	0.76
938	0.79
939	0.39
94	0.67
940	0.67
941	1.00
942	0.56
943	0.74
944	0.42
945	0.46
946	0.46
947	0.64
948	0.60
949	0.73
95	0.87
950	0.60
951	0.55
952	0.00
953	0.54
954	0.86
955	0.37
956	0.57
957	0.48
958	0.30
959	0.26
96	0.39
960	0.83
961	0.51
962	0.70
963	0.39
964	0.70
965	0.55
966	0.44
967	0.56
968	0.47
969	0.54
97	0.67
970	0.58
971	0.57
972	1.00
973	0.28
974	0.53
975	0.78
976	0.94
977	0.62
978	0.50
979	0.93
98	0.52
980	0.62
981	0.53
982	0.45
983	0.41
984	0.67
985	0.67
986	0.53
987	0.44
988	0.44
989	0.63
99	0.64
990	0.43
991	0.12
992	0.93
993	0.53
994	0.84
995	0.52
996	0.83
997	0.57
998	0.57
999	0.45
